Comunidad,Capacidad,Embalsamada,Porcentaje embalsamada,Variación,Porcentaje Variación
Alava,223,167,74.89,3,1.35
Albacete,727,264,36.31,-5,-0.69
Alicante,315,99,31.43,-1,-0.32
Almeria,224,26,11.61,-1,-0.45
Asturias,456,389,85.31,12,2.63
Avila,290,195,67.24,-5,-1.72
Badajoz,7698,2384,30.97,-24,-0.31
Barcelona,274,44,16.06,2,0.73
Burgos,139,108,77.7,1,0.72
Caceres,6758,4818,71.29,-43,-0.64
Cadiz,1821,506,27.79,-12,-0.66
Cantabria,575,247,42.96,2,0.35
Castellon,221,101,45.7,-2,-0.9
Ciudad Real,516,146,28.29,-3,-0.58
Cordoba,3318,606,18.26,-4,-0.12
Cuenca,1134,667,58.82,-5,-0.44
Girona,294,102,34.69,-3,-1.02
Granada,1170,371,31.71,-3,-0.26
Guadalajara,2975,850,28.57,-18,-0.61
Guipuzcoa,29,22,75.86,1,3.45
Huelva,1508,613,40.65,-8,-0.53
Huesca,2596,1126,43.37,-42,-1.62
Jaen,2363,635,26.87,-3,-0.13
La Coruña,359,303,84.4,3,0.84
La Rioja,190,134,70.32,-2,-1.05
Leon,1772,1304,73.59,-21,-1.19
Lleida,1145,427,37.29,0,0.0
Lugo,895,673,75.2,-20,-2.23
Madrid,1060,676,63.77,-11,-1.04
Malaga,616,204,33.12,-5,-0.81
Murcia,148,42,28.38,0,0.0
Navarra,1019,615,60.35,-9,-0.88
Orense,1603,1177,73.42,-31,-1.93
Palencia,488,252,51.64,-11,-2.25
Pontevedra,363,310,85.4,-1,-0.28
Salamanca,3482,2183,62.69,-11,-0.32
Segovia,81,69,84.77,-1,-1.23
Sevilla,921,335,36.37,-5,-0.54
Soria,267,190,71.16,-4,-1.5
Tarragona,237,201,84.81,-5,-2.11
Teruel,250,126,50.4,-5,-2.0
Toledo,451,252,55.88,-1,-0.22
Valencia,1420,855,60.21,-19,-1.34
Valladolid,6,6,100.0,0,0.0
Zamora,1767,1215,68.76,-1,-0.06
Zaragoza,1905,998,52.39,-63,-3.31
