Provincia,2020,2018,2016,2014,2013,2012,2011,2010,2009,2008,2007,2006,2005,2004,2003,2002,2001,2000
Total Nacional,2290800,2271205,2297352,2237746,2217686,2308872,2384386,2412708,2493842,2539891,2543714,2615751,2673564,2700928,2602904,2511810,2459548,2482085
Andalucía,427534,392141,395574,386102,366154,389257,423304,429266,464854,460019,457745,513383,558838,530514,509637,501159,486530,490278
Aragón,64975,62011,65776,62877,62913,66288,63386,69125,71151,71233,66408,69844,70879,73914,75715,75452,76337,76235
"Asturias, Principado de",50363,52402,56898,51503,47317,49974,58760,61337,63915,68449,71313,72450,70926,67435,63320,62094,60018,59276
"Balears, Illes",51788,52131,55955,50653,57174,53045,49458,47470,49697,52986,50516,54919,49879,49518,44939,42567,38115,39759
Canarias,102162,108094,117518,110975,109755,115028,115258,113485,106810,116812,111901,102435,104171,102815,93370,90423,83329,86848
Cantabria,35176,36437,32789,32441,31010,32660,34045,36505,37837,39128,38809,41682,39225,37880,37118,35980,34023,36358
Castilla y León,126081,130224,135634,150370,144047,137251,154606,152316,148000,139558,139873,135312,146634,156624,152305,140703,130634,138730
Castilla - La Mancha,93902,99940,95378,94482,106503,108939,116529,113038,107545,111701,114730,117099,120222,120840,121778,120259,128203,118712
Cataluña,346443,337996,344628,318709,316533,337621,347007,354396,352091,367529,390880,390921,413627,432869,448967,432952,426217,426161
Comunitat Valenciana,289555,315744,292572,292516,285743,293361,277013,286121,317668,336757,323864,324894,293036,295284,265304,249908,237245,249685
Extremadura,46317,49199,50996,49882,56230,55277,56978,63359,64433,62185,73287,72462,68442,69886,63802,64754,65284,61080
Galicia,128276,123318,136274,128722,119906,133745,133212,132094,139027,145691,142479,160223,152756,155693,143213,130504,122460,127933
"Madrid, Comunidad de",317737,301111,312768,304840,304968,315483,327883,322800,333616,324291,331174,325035,345347,362438,346018,334134,338263,334798
"Murcia, Región de",82356,80697,70513,67354,66088,77271,81208,84266,87384,81921,82897,82941,78941,76110,68947,65186,66127,61007
"Navarra, Comunidad Foral de",28750,26798,25986,25757,26088,29374,30672,28889,30289,28878,27361,28079,28982,30745,32303,30798,29849,31599
 País Vasco,77586,82150,88622,91899,97802,92471,91753,95564,97852,108694,96623,100174,108580,115853,114660,112832,114528,117751
"Rioja, La",14276,13259,13074,12180,12967,15219,14016,13950,15121,17190,17024,16600,15955,15113,14257,14355,14416,17978
Ceuta y Melilla,7523,7553,6397,6484,6488,6608,9298,8727,6552,6869,6830,7298,7124,7397,7251,7750,7970,7897
