,Comunidad_Autonoma,2020,2018,2016,2014,2013,2012,2011,2010,2009,2008,2007,2006,2005,2004,2003,2002,2001,2000,Media
0,Total Nacional,48.27737870356019,48.6100201656658,49.34492353976012,47.844384021403194,47.054873984885525,48.84917633374372,50.52682963070549,51.31125261800406,53.34899876688406,55.026231523662446,56.275940810434136,58.50618681300689,60.61330994254399,62.52483350727785,60.933588506925474,60.03672173365131,59.81850454370985,61.28636565062768,39.335122250212244
1,Andalucía,50.50959836425712,46.77026690495024,47.15891201673989,45.951914385397814,43.381633354264665,46.06599893372592,50.249154153166714,51.28028694387452,55.986789230732356,56.08469414378059,56.79598176602629,64.36861997333892,71.19137700213724,69.00978963561451,66.99713205785103,67.01391414670883,65.71206142436056,66.79489464107338,40.774149265240354
2,Aragón,48.87576341347279,47.38264941225373,50.26582594800556,47.440555008544685,46.70081282707939,49.12161616401142,47.081875936367496,51.31412409666727,52.881774662144835,53.68304597571214,51.214856688941936,54.67364816892125,55.853027555757286,59.150885414666,61.55240673446658,61.97218266073327,63.62726327835813,64.06792452195924,38.77701559195475
3,"Asturias, Principado de",49.43442378364796,50.962611987038095,54.57276368491322,48.5073783430468,44.29746340687066,46.38560926709735,54.33259946721505,56.566154005059296,58.89214762150911,63.37060634844807,66.34619141806111,67.27669152824414,65.87747936858824,62.80261622465334,58.88145689760187,57.817203630265624,55.813616111906214,55.06020526358323,40.883039065655964
4,"Balears, Illes",44.204950223764726,46.17825367523306,50.536478748577515,45.90454233208451,51.430545285758235,47.38534212225946,44.43210668449054,42.91853254240996,45.367738213261326,49.38835469089635,49.013729200019405,54.860737896354074,50.734846119184525,51.84886576025213,47.43598269297554,46.421467270395475,43.38018294452595,47.01701689864361,34.774592390768504
5,Canarias,46.95048420185739,50.80357289730387,55.909728420247355,52.7243486957286,51.80350586379532,54.30090674602425,54.19394395912297,53.56808223103026,50.76540214981806,56.268690076147614,55.23381365097182,51.32443445919573,52.924888735342535,53.67415976695866,49.27520017225474,49.04285005328799,46.778146658238676,50.6025837336186,38.0073448334892
6,Cantabria,60.34602551016032,62.79761956055281,56.31855391390676,55.110285124079255,52.391668694077254,54.996034425564226,57.39975485609176,61.63782186576615,64.21376870009419,67.21430313774397,67.75030375822243,73.37204778811845,69.75701971691721,68.27882563303916,67.52533246011389,66.35009911945046,63.286124038794206,68.45031337132572,45.681438501920354
7,Castilla y León,52.64522626661957,54.053605317031135,55.416934454849994,60.27361020366444,57.16434346941813,53.90683239083799,60.429249905118816,59.50971180086852,57.733094443150655,54.57176039072001,55.32038425623621,53.63096606447829,58.40016663686267,62.80238564379423,61.22454722255498,56.72664027005659,52.687215785918106,55.959417825210416,41.14279014688426
8,Castilla - La Mancha,45.91288667581645,49.30908567021922,46.716571211937904,45.45439238029626,50.69162369502494,51.340598561281276,55.087754463361335,53.869354971685205,51.671709156671774,54.67231168322647,58.023450111869494,60.6020615227446,63.45283894214656,65.3584519501255,67.06645790433979,67.48397059995354,73.0479364440846,68.45105782808932,41.166291971751704
9,Cataluña,44.52720712953534,44.472777535455286,45.812376472164665,42.3876993758265,41.904642126654,44.5945189137155,46.024480285340715,47.17492363606159,47.09982850461914,49.90835241017273,54.20977273723294,54.79153494535227,59.13006707736698,63.53276574896904,66.96855945559659,66.54207216234992,67.00087166826617,68.05510508704968,38.04123321563796
10,Comunitat Valenciana,57.2542592933497,63.61057460528964,58.98667088174762,58.44657695624479,55.876679152452716,57.193563367546155,54.13381172088587,55.973680802456165,62.35294694951101,66.95501293243738,66.29725227833858,67.5889781955469,62.44841446332182,64.99322959678683,59.34037668157423,57.75938658213126,56.451850850709846,60.59243400864264,44.02400759673936
11,Extremadura,43.531546907997935,45.85767241483768,46.88088929910331,45.3624485282349,50.93278647541132,49.88313645510905,51.36082108085061,57.22349668539224,58.44740160194483,56.64799807605416,67.23639666418958,66.70084768307018,63.145424904440446,64.99294141279623,59.411269536196905,60.34574344159172,60.820901432017145,57.11507172111986,40.375821702100595
12,Galicia,47.4776437651819,45.643867680974836,50.127918632346585,46.83022306949298,43.35090421339581,48.08380232522188,47.653627967441054,47.21600570192229,49.72195091071851,52.32836081430402,51.38946948512425,57.893987549882134,55.30233531412303,56.59536493292403,52.05674542563794,47.67495808020107,44.8091166756802,46.829312932391375,35.778454578293996
13,"Madrid, Comunidad de",46.86463847190396,45.77491392243845,48.36372250732798,47.22950403133347,46.950289513545506,48.54660109316526,50.52375463813316,49.97922177335197,52.234155616499436,51.7075443448745,54.45428071050657,54.09871836460374,57.90387655024369,62.43732588849732,60.5038484390994,60.45319542505797,62.962720986934606,64.3173407348665,38.65596837113742
14,"Murcia, Región de",54.495249300083174,54.5799856477032,48.13676786722436,45.91844386965527,44.895244655578715,52.40669565376625,55.240944472674414,57.638310810209994,60.409811132925924,57.44371573280864,59.54743746394879,60.527356663402195,59.09677554589337,58.78609153977696,54.321911710249516,53.12662745427236,55.551261868078875,53.080582740523155,39.80759897373954
15,"Navarra, Comunidad Foral de",43.48174598493339,41.383421305404646,40.5621192325883,40.19569593782674,40.479334406037765,45.57174905285107,47.771905970086486,45.35705986899536,48.03370875609361,46.54911449006008,45.15940555493203,46.65262164506193,48.834654372910606,52.57946348254078,55.86724546445063,54.0668646906402,53.659869522150494,58.11235533519569,34.21760394247891
16, País Vasco,34.940716161736255,37.35639501466062,40.47527921466394,41.9824713280356,44.62417449246743,42.164650564294355,41.99979309770274,43.87012306165386,45.04793582469184,50.3886678114071,45.11172532285023,46.948845283556516,51.100173847892975,54.76960722438978,54.284529335234666,53.51848259316477,54.49878609245493,56.10941791559691,33.48676756355635
17,"Rioja, La",44.62449283244872,42.00205907974974,41.400406594172146,38.181578798879,40.266809925875776,47.02897632636917,43.399235187564834,43.26721771629732,47.00312711764303,54.141561758860604,55.099557235700786,54.18161284952852,52.99185609331615,51.48303713469118,49.608545878423044,50.97402827984404,53.31360946745562,68.05260089787946,35.231859155974256
18,Ceuta y Melilla,43.92274547811161,44.033627162912175,37.509161804802254,38.260007552870086,38.65148726014095,40.092221817740565,57.80469002561361,55.72334352831502,43.06729593647705,46.151158650066854,46.76704806118746,51.13079057254154,50.60953084595493,51.84691946449849,50.56696932926064,53.324709638355266,55.16219901303268,55.807609678878336,34.253730220219595
