,Comunidad_Autonoma,2020,2018,2016,2014,2013,2012,2011,2010,2009,2008,2007,2006,2005,2004,2003,2002,2001,2000,Media
0,Total Nacional,76.26101944129702,77.31099343406606,80.3406224042576,75.6433517696232,74.16068518711407,72.89060831724807,68.16731073354119,66.37806389230386,66.11363025565052,65.5841170322118,62.78098961085524,62.07137790086122,60.723515383532394,61.296156525428536,60.380718113023875,56.219775307045815,53.98853345789543,52.38227031838263,48.33052714230873
1,Andalucía,71.71178242644409,67.96258006528308,69.77903357694412,70.06672573775886,67.4023435185953,65.89857851818671,61.28878781382277,59.42844172871141,61.1766482719399,58.50013776757999,57.83662207683615,61.06244088272436,63.18798736120504,63.86001307574174,54.57477262592864,44.87651956987775,41.48221602254359,35.05084160166712,43.52041198076805
2,Aragón,52.11258388239427,53.34034268388848,58.130177912718,50.53927726660555,49.642578777419,52.08797251062827,42.4038452253707,47.62321885241946,48.54055042353135,47.883893352867325,43.897567201761454,40.71481857513791,36.72183491761798,37.00271450338673,42.61070328187368,35.84927976187543,34.02116935735939,34.012685003643135,32.66987687885716
3,"Asturias, Principado de",46.25121713729308,47.47025025188574,54.648535211699894,44.35482351877456,48.0206709637556,48.38122818742111,47.003801247726514,45.01997065498768,46.07804925692603,48.37159696261033,49.18212756614337,47.17075743618697,46.03138482401185,46.021414448839174,36.57959365099439,33.35751151567407,31.028643326832995,25.557164579631365,31.72193083856404
4,"Balears, Illes",93.95131036590207,106.48786260705036,109.18877910442369,83.96907132409316,84.7199808576975,96.34826015530993,85.15390157701727,85.25300416166012,85.24811351930664,83.77639246712477,81.9065638189492,90.42896443976497,96.52935366700876,89.07957216675653,75.14242194897193,70.39613159892167,60.959884000833114,64.76827927107601,63.14779743551688
5,Canarias,117.80360963844791,119.16331599837382,142.2896355910109,118.07973622384866,123.86491771523671,121.7172470571352,120.77992485314579,112.48471219753046,111.60308594329256,123.7157798193421,120.81684107858483,110.26874493006179,133.39921149429958,126.64888229950824,118.25784170717961,118.4658482282082,107.15316223617157,111.60034866187024,87.61342832705978
6,Cantabria,68.08485087621483,72.48000358479152,70.52143055894305,81.38709195183606,73.2824453274944,71.0519801771795,61.62149038729029,58.836639932460955,70.74257299719127,55.81666202859116,56.54965574068126,56.57016217472201,51.66376494062873,52.04187575705139,50.72131565063945,43.47425199391453,42.220510931797634,40.83711280426389,43.643764403380366
7,Castilla y León,47.73983910931398,46.87186094429437,51.051289080901924,49.808601124743966,45.23518031648395,41.33769664558588,43.68990288309817,41.889186037198456,40.70027122851734,35.352496549135225,36.147518387987425,37.02586582746074,36.82818042821372,43.53591417199763,47.22858477452178,43.56771109459923,37.2598485535961,38.352349504944904,30.68244209288253
8,Castilla - La Mancha,60.259013573594245,55.41326825889195,58.571798723667506,58.05655796106149,60.07954315044565,60.680394064154186,57.24486062248326,57.21861651860751,52.600930278146535,49.91581420390583,47.99009155901166,46.11954596195855,44.77620605626213,43.27752840772337,40.63705920482701,34.80060470090986,36.07241490712816,35.13369671577692,36.7116764158215
9,Cataluña,90.07144675796954,93.22538688813846,92.37688691510218,86.07572141840372,81.63603026351498,76.18029435835173,75.82479642867848,75.91547872771629,72.09173531386865,68.93612479389816,72.02918296463993,71.79015450831339,64.33863420176618,65.43624333456279,75.46121459765345,77.0654920355832,78.8616908477976,81.21240517604681,56.501713292844066
10,Comunitat Valenciana,91.64932722710873,99.25573709788841,97.55425841457041,92.10337025489706,87.74173488872789,87.78760937724813,77.42002935204673,73.34518065006087,73.53403308356273,84.63713125554094,76.21408184066051,68.20891933026387,58.801065285951964,65.38633558309107,55.79409893119595,47.629051925852174,47.470047170709236,49.1794049062678,54.77240317472003
11,Extremadura,58.639814208256304,62.55784755369512,62.692019879056204,61.538769333740746,65.76968924025638,66.01391533484338,56.735958433953776,57.123245606112604,56.191435128491214,54.586497398300516,61.61249185772347,60.7921956823301,57.36064634521012,60.01659093487686,57.377568199764596,50.54843669912865,47.8236525520761,42.58289540124553,41.777612053071586
12,Galicia,45.61852588941006,45.33295727980048,52.363689868586825,45.39135844464373,51.603794731628305,48.95060143850544,41.65811101150381,40.93109474262891,41.39961210104543,34.357828134714524,32.44866697709279,41.57506854502436,39.67782179264484,44.38628345847033,43.44271769703253,49.03538798189503,49.040113050993696,41.97115560598851,31.665862758827533
13,"Madrid, Comunidad de",80.00028909032125,79.63738349752259,85.53152035349952,82.38065579662991,81.34229105429239,80.86006746109906,72.6826284192749,71.15381399678326,75.37296467224013,74.04381439107296,62.64000017100513,62.96379454487322,61.905289661901136,60.8369342145996,59.7208364763972,53.952017241429225,52.738675382270934,54.305061197892655,51.05328456176152
14,"Murcia, Región de",115.41497739290165,119.89443419011991,126.81187864671192,126.30469492466004,125.06173367870227,124.94565766601626,118.13663168191425,111.73689909362582,98.34983270193291,94.64213464749189,95.45821220486496,87.859937853297,89.0595242373064,81.44086556360037,70.36155779488351,73.42584676522198,70.88672673722128,51.1838221987109,73.27403430717649
15,"Navarra, Comunidad Foral de",56.29940849701375,60.98024257436445,55.43770594414709,55.57670999859548,54.652066714560796,60.37861134468774,59.33329283810788,59.795203195357686,59.18538230004853,52.91943447290922,56.87962553393764,56.814216929124704,51.35372856680686,47.59087037866791,48.549834835094515,39.59426151804335,33.834714874079346,34.10898618316638,38.29275232575347
16,País Vasco,53.08389446720204,55.80949921058184,58.9399388180316,56.4439683232183,52.73757780553931,51.28145500441614,50.28229346619025,48.38457191465607,49.508441999378505,52.54432778641072,45.39185567684163,40.13480909075571,40.88249219002224,38.61287329000099,69.83274342819159,65.27403130797082,61.482918212800705,60.18166431271193,38.01283808365132
17,"Rioja, La",45.66539757559844,43.776035479528,35.10833011393503,38.125152820358494,36.993792445975025,43.70706624352228,46.145747859608925,43.530853093063286,43.86668407408098,49.94314978535501,42.18559850858342,40.18578418092742,38.12225159756082,38.81070879875184,27.607084449702494,33.85485096621617,27.230029585798814,33.28437644315575,28.83508916319748
18,Ceuta y Melilla,88.25418325762794,86.03260109136701,74.0039285818992,71.92928625377644,71.75069552421972,75.6582938963718,100.02984109616294,80.31900289248019,63.667556233320624,65.2458730020089,45.21271132474682,56.31533223103439,54.50967576937285,49.758183220018225,49.71616664574529,44.34551659602576,41.970335610417834,39.928199909543196,47.213822714839566
