,Comunidad_Autonoma,Media_Consumo_Hogares,Media_Residuales,Media_Reutilizada,Media_Suministro,Media_Importe,Media_Porcentaje_Reutilizada
0,Total Nacional,39.33512225021224,194.7549622460035,19.40238872586361,60.52419845231866,48.33052714230873,9.962461804365018
1,Andalucía,40.774149265240354,162.91508824199437,16.2157529114029,57.26092956644064,43.52041198076805,9.95349975645963
2,Aragón,38.77701559195475,280.30291039103463,5.778512807467906,68.74911900090247,32.66987687885716,2.06152436997769
3,"Asturias, Principado de",40.88303906565597,207.60600800078535,6.58507272764721,81.49914975305931,31.72193083856404,3.1719085546032457
4,"Balears, Illes",34.774592390768504,214.7490560337521,79.04642296349427,57.2065471442705,63.14779743551688,36.80874059398451
5,Canarias,38.0073448334892,105.43421775015229,32.3955614912455,48.29495109118412,87.61342832705978,30.72585179890398
6,Cantabria,45.681438501920354,287.1959974490015,4.095546182376688,64.4203832719019,43.643764403380366,1.4260457035456944
7,Castilla y León,41.14279014688426,310.75331394633537,2.7083893796021314,82.77911974402834,30.68244209288253,0.8715560729530463
8,Castilla - La Mancha,41.1662919717517,185.44965960384212,5.425519827874185,64.40296167075746,36.7116764158215,2.9256024731801547
9,Cataluña,38.04123321563796,178.57047311226924,8.015580746994022,41.39457370892968,56.50171329284407,4.4887492356894505
10,Comunitat Valenciana,44.02400759673936,175.31457302161857,71.13709080362744,62.35911002645095,54.77240317472003,40.57682688754877
11,Extremadura,40.3758217021006,226.81427058529147,1.8027975493528796,69.939730434132,41.77761205307159,0.7948342688935675
12,Galicia,35.778454578294,207.9488495472686,5.531286138697765,71.70178450055583,31.665862758827533,2.659926299539568
13,"Madrid, Comunidad de",38.65596837113742,180.1646436787162,2.40531337807856,67.3472763702791,51.05328456176152,1.3350640441794472
14,"Murcia, Región de",39.80759897373954,148.91450835781365,86.09065090194342,18.055449789073364,73.27403430717649,57.81213116930402
15,"Navarra, Comunidad Foral de",34.21760394247891,281.7558852713638,0.9317982504803426,79.67390409483085,38.29275232575347,0.3307111933377761
16,País Vasco,33.48676756355635,265.6665229924872,6.457455100335066,74.90414209357802,38.01283808365132,2.430661954542792
17,"Rioja, La",35.231859155974256,384.8385412123006,0.10769506301283,111.6079836356296,28.83508916319748,0.0279844795881343
18,Ceuta y Melilla,34.253730220219595,137.80603425684382,1.72389546405844,68.15666172469462,47.213822714839566,1.2509578940828034
