,Comunidad_Autonoma,2021,2020,2019,2018,2017,2016,2015,2014,2013,2012,2011,2010,2009,2008,2007,2006,2005,2004,2003,2002,2001,2000,1999,1998,1997,1996,Media
0,Total Nacional,47385107.0,47450795.0,47026208.0,46722980.0,46572132.0,46557008.0,46624382.0,46771341.0,47129783.0,47265321.0,47190493.0,47021031.0,46745807.0,46157822.0,45200737.0,44708964.0,44108530.0,43197684.0,42717064.0,41837894.0,41116842.0,40499791.0,40202160.0,39852651.0,0.0,39669394.0,58933259.0
1,Andalucia,8472407.0,8464411.0,8414240.0,8384408.0,8379820.0,8388107.0,8399043.0,8402305.0,8440300.0,8449985.0,8424102.0,8370975.0,8302923.0,8202220.0,8059461.0,7975672.0,7849799.0,7687518.0,7606848.0,7478432.0,7403968.0,7340052.0,7305117.0,7236459.0,0.0,7234873.0,10561760.263157895
2,Aragon,1326261.0,1329391.0,1319291.0,1308728.0,1308750.0,1308563.0,1317847.0,1325385.0,1347150.0,1349467.0,1346293.0,1347095.0,1345473.0,1326918.0,1296655.0,1277471.0,1269027.0,1249584.0,1230090.0,1217514.0,1199753.0,1189909.0,1186849.0,1183234.0,0.0,1187546.0,1689170.7368421052
3,"Asturias, Principado de",1011792.0,1018784.0,1022800.0,1028244.0,1034960.0,1042608.0,1051229.0,1061756.0,1068165.0,1077360.0,1081487.0,1084341.0,1085289.0,1080138.0,1074862.0,1076896.0,1076635.0,1073761.0,1075381.0,1073971.0,1075329.0,1076567.0,1084314.0,1081834.0,0.0,1087885.0,1400336.2105263157
4,"Balears, Illes",1173008.0,1171543.0,1149460.0,1128908.0,1115999.0,1107220.0,1104479.0,1103442.0,1111674.0,1119439.0,1113114.0,1106049.0,1095426.0,1072844.0,1030650.0,1001062.0,983131.0,955045.0,947361.0,916968.0,878627.0,845630.0,821820.0,796483.0,0.0,760379.0,1347882.1578947369
5,Canarias,2172944.0,2175952.0,2153389.0,2127685.0,2108121.0,2101924.0,2100306.0,2104815.0,2118679.0,2118344.0,2126769.0,2118519.0,2103992.0,2075968.0,2025951.0,1995833.0,1968280.0,1915540.0,1894868.0,1843755.0,1781366.0,1716276.0,1672689.0,1630015.0,0.0,1606534.0,2618869.1578947366
6,Cantabria,584507.0,582905.0,581078.0,580229.0,580295.0,582206.0,585179.0,588656.0,591888.0,593861.0,593121.0,592250.0,589235.0,582138.0,572824.0,568091.0,562309.0,554784.0,549690.0,542275.0,537606.0,531159.0,528478.0,527137.0,0.0,527437.0,747859.8947368421
7,Castilla y Leon,2383139.0,2394918.0,2399548.0,2409164.0,2425801.0,2447519.0,2472052.0,2494790.0,2519875.0,2546078.0,2558463.0,2559515.0,2563521.0,2557330.0,2528417.0,2523020.0,2510849.0,2493918.0,2487646.0,2480369.0,2479425.0,2479118.0,2488062.0,2484603.0,0.0,2508496.0,3273454.5263157897
8,Castilla - La Mancha,2049562.0,2045221.0,2032863.0,2026807.0,2031479.0,2041631.0,2059191.0,2078611.0,2100998.0,2121888.0,2115334.0,2098373.0,2081313.0,2043100.0,1977304.0,1932261.0,1894667.0,1848881.0,1815781.0,1782038.0,1755053.0,1734261.0,1726199.0,1716152.0,0.0,1712529.0,2569552.4736842103
9,Cataluña,7763362.0,7780479.0,7675217.0,7600065.0,7555830.0,7522596.0,7508106.0,7518903.0,7553650.0,7570908.0,7539618.0,7512381.0,7475420.0,7364078.0,7210508.0,7134697.0,6995206.0,6813319.0,6704146.0,6506440.0,6361365.0,6261999.0,6207533.0,6147610.0,0.0,6090040.0,9388077.684210526
10,Comunitat Valenciana,5058138.0,5057353.0,5003769.0,4963703.0,4941509.0,4959968.0,4980689.0,5004844.0,5113815.0,5129266.0,5117190.0,5111706.0,5094675.0,5029601.0,4885029.0,4806908.0,4692449.0,4543304.0,4470885.0,4326708.0,4202608.0,4120729.0,4066474.0,4023441.0,0.0,4009329.0,6248110.0
11,Extremadura,1059501.0,1063987.0,1067710.0,1072863.0,1079920.0,1087778.0,1092997.0,1099632.0,1104004.0,1108130.0,1109367.0,1107220.0,1102410.0,1097744.0,1089990.0,1086373.0,1083879.0,1075286.0,1073904.0,1073050.0,1073381.0,1069420.0,1073574.0,1069419.0,0.0,1070244.0,1425883.3157894737
12,Galicia,2695645.0,2701819.0,2699499.0,2701743.0,2708339.0,2718525.0,2732347.0,2748695.0,2765940.0,2781498.0,2795422.0,2797653.0,2796089.0,2784169.0,2772533.0,2767524.0,2762198.0,2750985.0,2751094.0,2737370.0,2732926.0,2731900.0,2730337.0,2724544.0,0.0,2742622.0,3612179.789473684
13,"Madrid, Comunidad de",6751251.0,6779888.0,6663394.0,6578079.0,6507184.0,6466996.0,6436996.0,6454440.0,6495551.0,6498560.0,6489680.0,6458684.0,6386932.0,6271638.0,6081689.0,6008183.0,5964143.0,5804829.0,5718942.0,5527152.0,5372433.0,5205408.0,5145325.0,5091336.0,0.0,5022289.0,8009526.421052632
14,"Murcia, Region de",1518486.0,1511251.0,1493898.0,1478509.0,1470273.0,1464847.0,1467288.0,1466818.0,1472049.0,1474449.0,1470069.0,1461979.0,1446520.0,1426109.0,1392117.0,1370306.0,1335792.0,1294694.0,1269230.0,1226993.0,1190378.0,1149328.0,1131128.0,1115068.0,0.0,1097249.0,1799727.7894736843
15,"Navarra, Comunidad Foral de",661537.0,661197.0,654214.0,647554.0,643234.0,640647.0,640476.0,640790.0,644477.0,644566.0,642051.0,636924.0,630578.0,620377.0,605876.0,601874.0,593472.0,584734.0,578210.0,569628.0,556263.0,543757.0,538009.0,530819.0,0.0,520574.0,801675.6842105263
16,Pais Vasco,2213993.0,2220504.0,2207776.0,2199088.0,2194158.0,2189534.0,2189257.0,2188985.0,2191682.0,2193093.0,2184606.0,2178339.0,2172175.0,2157112.0,2141860.0,2133684.0,2124846.0,2115279.0,2112204.0,2108281.0,2101478.0,2098596.0,2100441.0,2098628.0,0.0,2098055.0,2837560.736842105
17,"Rioja, La",319796.0,319914.0,316798.0,315675.0,315381.0,315794.0,317053.0,319002.0,322027.0,323609.0,322955.0,322415.0,321702.0,317501.0,308968.0,306377.0,301084.0,293553.0,287390.0,281614.0,270400.0,264178.0,265178.0,263644.0,0.0,264941.0,398786.7894736842
18,Ceuta y Melilla,169778.0,171278.0,171264.0,171528.0,171079.0,170545.0,169847.0,169472.0,167859.0,164820.0,160852.0,156613.0,152134.0,148837.0,146043.0,142732.0,140764.0,142670.0,143394.0,145336.0,144483.0,141504.0,130633.0,132225.0,0.0,128372.0,202845.36842105264
