,Comunidad_Autonoma,2020,2018,2016,2014,2013,2012,2011,2010,2009,2008,2007,2006,2005,2004,2003,2002,2001,2000,Media
0,Total Nacional,10.908988580894475,11.210422353265027,10.429593586445858,10.738448889977345,10.629083783024898,11.054927971848672,12.346188388116984,10.100007488668325,11.438668651307315,11.638292996688762,10.95982705372701,9.984860568256671,7.8490312969285325,7.411612683874161,5.460002537087233,6.196260617829734,7.293554128242105,9.4663948619203,9.962461804365018
1,Andalucia,5.218830346771772,4.803472998824925,5.932181237596742,7.831673098208143,8.309571829847213,10.313191810677694,13.90589349863365,18.38649635354116,20.864816424695256,17.797414065302707,24.07153644040612,7.023358005383301,7.490662236480294,7.211265179139768,6.508961490100804,6.507398673162641,4.461295430629756,7.534577292557537,9.95349975645963
2,Aragon,1.881856935400759,7.768621289114737,0.7719388908626984,0.7580638156180328,0.7820804451208254,0.6648521337659096,0.7325233444007133,0.7598358409763336,0.5481296846482342,0.3779990323483675,0.4347376574335055,0.19044311936063202,0.7028719852600264,0.16746733164643612,0.09108622029852995,14.595861086606396,12.612943895776423,12.021095082984333,2.06152436997769
3,"Asturias, Principado de",5.886173035796262,6.731192138217986,3.8970405988202055,6.91537909902862,0.0,0.06225601136721525,1.965967154029797,1.6449016100178893,0.0,0.0,2.9730752254240493,2.4199505509599826,3.0562640406736135,11.030498505195336,1.4914598504334904,0.0,0.0,0.0,3.1719085546032457
4,"Balears, Illes",45.42745047386861,34.02512687756863,33.01770840981864,45.48752509748115,48.243474048827004,29.857740670564283,29.06639674826046,34.06178248651119,41.79931784140311,34.14256233760001,33.404179731545696,35.82330168879609,33.05517290099254,30.514479916121335,28.52536339199392,37.477261764312736,43.675994229251174,55.03067017597285,36.80874059398451
5,Canarias,23.661844427832875,21.837644644184152,19.88536116499741,19.851884371553858,21.08235963971822,23.236387991919102,24.967941774064165,25.603156376056297,26.953523003370172,26.714563723271034,30.31371864659333,55.947740141523084,31.291232135959827,39.00699747671085,52.443132827847364,49.33134929234266,46.894581422706636,54.28241567937546,30.72585179890398
6,Cantabria,1.6744519076681779,1.1182611182611182,1.717859032851001,1.9989362977167853,1.9666067658809776,4.0460990289828604,0.0,0.0,0.0,0.0,0.0,1.2139466314920753,1.194259479064781,1.326862739348444,13.898440342209337,1.1518516818870175,0.6471569864463348,0.0,1.4260457035456944
7,Castilla y Leon,1.011628997965943,2.0280420247157322,0.9146100849719245,1.0050542325694374,1.2693541893457154,0.7145615413798709,0.22668590732416635,0.6799948367254738,0.7111705052025552,0.6830793748405776,0.5112736122324102,0.8715259352143688,0.329671614606798,0.3756675652306597,0.6524304663621371,3.514298619980686,0.9979250728252127,0.6885026737967915,0.8715560729530463
8,Castilla - La Mancha,2.779351645987234,1.9152111216781489,3.776962176198034,2.8962814298697364,3.5091520909980223,0.6674397926746586,0.6635200275450475,2.336157745238963,3.6633360822313192,3.4440518534685314,4.196352353106734,3.343606775972824,3.3956692913385838,1.8657503998181537,1.6277603267307477,5.716038126813096,6.416899044399275,4.721820099011671,2.9256024731801547
9,Cataluña,5.429289536616571,4.4633428012862,4.857691884275598,4.018307458637202,4.65532571677823,4.394974662780237,4.103707892782677,4.824880135314498,6.302448596121296,6.244391031358629,4.039426656305613,5.32953551452119,7.502724614484138,1.5846010771124575,0.7721670029799648,0.9599677897753434,0.8357210485901091,8.92931880522054,4.4887492356894505
10,Comunitat Valenciana,42.547857687396814,42.70881395857111,47.5608995082277,59.29966570013868,54.76936519682334,59.978821255286576,64.38008212240133,31.11045365034896,34.55861320958812,35.85657001300993,31.04970483200933,47.54731883656135,31.362716699377145,36.5288480469258,18.652072000231776,10.555928304418673,17.923572902494126,25.319726781782943,40.57682688754877
11,Extremadura,0.0,0.0,0.0,0.03398688691369806,0.0,0.0,0.46257530691026494,0.0,0.0,0.0,0.0,1.151206944754099,1.7831723115539797,1.6651095029216614,0.48532392463028295,6.991306910269633,9.252111045858587,0.0,0.7948342688935675
12,Galicia,8.559348153633142,18.19662798167431,8.816732393165939,0.1386413589064359,0.0,0.2699620169720307,0.17722544261026724,0.17312882391096093,0.186361380479454,0.22480746284846512,0.18545594357030626,0.2417475313631351,0.34397472948450836,0.3600464983352123,0.3135306239681207,0.10956874961822735,0.03622799484757407,0.0,2.659926299539568
13,"Madrid, Comunidad de",2.5918937666096715,2.342258014191265,2.2780382396892414,2.3702149038447247,1.729374651013085,1.9834714952357853,1.5012907092472967,1.2050011710002277,1.1934826370709664,1.118233843847173,1.2114518222394126,0.8347818541246912,0.6617947819688076,0.6173356213116812,0.3651148184217583,0.6504910738068987,0.3916453645113076,0.6985364125500964,1.3350640441794472
14,"Murcia, Region de",91.38113448056087,95.5916285328796,71.78715423231993,50.35092058257763,61.68858030717706,57.37199879449487,57.43383826850371,77.48769301279663,84.81202957941969,94.66873436648939,89.72709088111458,36.98347107438016,29.781524017596173,27.007437374008404,1.0657584142643197,15.595938145350328,25.99610215638768,8.652224518397112,57.81213116930402
15,"Navarra, Comunidad Foral de",0.07675935940825512,0.0,0.0,0.0,0.0,0.0,0.0,0.0,0.0,0.0,0.0,0.0,0.0,0.0,0.0,4.924568735360497,5.763662759701113,0.021872265966754154,0.3307111933377761
16,Pais Vasco,0.9445994262710977,1.245103668391919,0.9787164515962449,1.5749920941875784,1.306755385989614,1.0541418859589569,2.150453865683581,2.034776664396042,1.5742215207414403,7.703974539072207,4.78359394670811,0.021763547427792202,0.14481293316724791,0.0,1.6328453342845182,2.2287883408166054,22.704170421882676,7.893197976273056,2.430661954542792
17,"Rioja, La",0.0,0.0,0.0,0.0,0.0,0.0,0.0,0.0,0.0,0.0,0.0,0.030567080477009484,0.1011505879377924,0.11793864374080253,0.0,0.15988354750569733,0.0,0.0,0.02798447958813431
18,Ceuta y Melilla,0.0,0.05484417101843241,0.0,1.034369166575162,0.951476936289466,0.8172725054891435,1.165,0.953641836122546,0.5001802451333813,0.0,0.0,2.7027027027027026,2.6336625411509775,10.471240712965226,0.26315789473684204,1.0,0.7575757575757575,0.5263157894736842,1.2509578940828034
