,Comunidad_Autonoma,2020,2018,2016,2014,2013,2012,2011,2010,2009,2008,2007,2006,2005,2004,2003,2002,2001,2000,Media
0,Total Nacional,281.5894233173543,292.88771820633013,278.133766671604,289.49531295243384,290.5518364045937,287.57352562992224,286.0219748075105,283.4221563538239,273.8421865302272,268.02618633088883,276.9754617054142,299.08328897981175,312.975766818799,314.83627687076927,198.75080834207145,191.60503155345248,187.26963515340015,191.4238026561668,194.7549622460035
1,Andalucía,226.3034013825652,252.12370390372223,228.0376251757399,238.71306742614078,245.6110564790351,275.83954291043125,267.8909870749428,219.62746275075483,188.6942706803375,181.47696599213384,172.1287565012102,221.5884755541602,222.3751206878036,259.73753817552034,215.89822749185996,206.39620711935336,213.57628774192432,207.9498891833464,162.91508824199437
2,Aragón,401.44321723255234,365.6924891956159,402.2251890050383,416.9294205080034,414.1120142523104,380.073021422532,407.83172756599043,482.23325006773837,503.32633951034325,465.73412976536605,455.0254308200716,432.82469817318747,457.1935821696465,458.27171282602853,237.40620604996383,202.96932930545358,206.26578970838165,216.72245524657768,280.30291039103463
3,"Asturias, Principado de",438.32156767283345,360.4232069430991,386.9719012322944,520.0855940536244,422.331755861688,380.18768099799513,339.6721366045084,309.3122919819503,275.4224911521263,253.54723192777217,265.5801395900125,304.21693459721274,274.9446191141845,248.8998948555591,132.6776277430976,80.1818671081435,87.2291177862775,107.41272953750209,207.60600800078538
4,"Balears, Illes",264.33942245397736,302.82804267486813,282.90764256426,303.7703839440587,356.5604664676875,352.6516406878802,339.04703381684175,253.19583490424026,274.87297179362184,271.91092087945685,314.07849415417456,367.44577258950994,460.7483641549295,347.53126816013906,188.88153512758072,187.64776960591865,167.2473074467322,217.4615375518844,214.74905603375214
5,Canarias,146.32032324242448,132.81571285223143,162.59817196054664,181.8088525594886,155.84522242397267,173.38354865876363,160.6032436997154,160.31482370467293,169.7972235635877,163.86283410919629,147.0785818610618,148.83710210223,131.5361635539659,109.44537832673815,118.7407249475953,112.62721999397968,93.53047043673227,105.98237113378035,105.43421775015227
6,Cantabria,503.15231469965096,602.6069017577543,548.5189091146433,453.5620124486967,484.1878868975212,433.36572026113856,414.53430244418934,471.48332629801604,412.72157967534173,437.6951856776228,390.06047232657846,499.10665720808817,510.9130389163253,368.8246236373075,155.01646382506505,120.5532248397953,91.40150965577021,161.79524398532266,287.1959974490015
7,Castilla y León,471.7330614242325,541.5803988437483,419.3385219890019,429.05014049278697,432.71868644277987,463.79725994254693,424.1616939545344,556.922698245566,517.250687628461,507.4249314714957,679.9653696364168,629.6394796711877,579.0356170363092,394.1789585704101,215.95596801152575,207.0724154349615,119.34783266281497,120.68808342321745,310.75331394633537
8,Castilla - La Mancha,272.694246734216,319.05603246880435,244.08769263397744,254.09275713445177,303.11737564719243,285.68755749596585,329.5177026417578,277.165213239019,261.0121591514587,248.92907836131369,217.4278714856188,253.05225329290403,306.730417535113,266.4984928721751,186.8958866735581,169.2584557680588,191.4580357402312,161.31654923912836,185.44965960384215
9,Cataluña,248.73070154164031,233.61155463801956,228.2194869962444,229.41910542003268,236.73455878945938,234.64001940057915,250.94706389634064,252.22961934438632,247.6086962337902,247.398112839109,250.39553385142904,279.4478868549008,230.07213797563648,287.7072099515669,214.88508752643514,220.63816772305591,253.0318571564436,290.7464533290408,178.57047311226924
10,Comunitat Valenciana,253.66352714552454,265.4727730486695,232.61964593319956,229.81035972349986,236.77665304669802,240.44609891551735,253.8098057723086,269.1201332784006,270.3713190733462,278.90383352476664,280.87857820291345,277.6125526013812,295.23751883078535,302.9669597279865,162.12248805326016,144.67812480065675,131.34153839710962,154.76193654084022,175.31457302161857
11,Extremadura,333.0736183806757,387.272186663162,371.9812314645084,404.034258733831,374.63904116289433,405.9893694783103,463.98261350842415,369.45322519463156,315.5014921853031,351.3751840137591,370.6391801759649,260.1067957322209,328.600332693963,117.45526306489622,248.0854899506846,227.6986160943106,163.39678082619312,140.28351816872697,226.81427058529147
12,Galicia,387.87831457251576,384.88190771661107,328.05547125739145,329.06233685439815,353.72567734658014,343.58823914308044,295.910599544541,298.1288244110331,320.6782759776244,264.8977127466041,271.1098479260662,245.4255139250825,269.3326112031071,414.6463902929314,180.974550487915,191.3778553867398,163.62243251372337,136.8077162414437,207.9488495472686
13,"Madrid, Comunidad de",206.68365023139026,226.07086354542108,231.99736013444263,260.58263768816505,259.72023004668887,241.74324773488283,255.3039595172643,239.98031177868432,223.68736664176166,241.61726171057705,235.51533134956424,306.88729021735855,342.6872896910755,362.212909286389,198.22127939048866,200.36919556400838,213.20396178044473,216.90422729591992,180.1646436787162
14,"Murcia, Región de",207.6425425028668,191.99680218382167,243.14075121838664,248.0880381887869,205.27237884065,202.53667641268024,214.47156562038924,207.44689219202192,209.6887702900755,202.11849164404686,205.41089577959323,214.39590865106044,253.5649262759472,224.52718557435193,189.91750904091455,181.14447270685326,173.7103676311222,73.25846059610485,148.91450835781365
15,"Navarra, Comunidad Foral de",433.4714162344959,455.9959478282892,327.51577701916966,337.00120164172347,352.0808345371518,298.86466242401866,295.62449088935307,326.5209035928933,356.8440383267415,504.9010521021895,605.5166403686562,578.996600617405,567.0360185484741,563.7589057588578,262.7851472648346,246.58022428672749,219.17510242457254,243.83686095075558,281.7558852713638
16,País Vasco,456.2126436160439,445.0908740350545,539.4942485478646,533.0612133020554,482.1940409238202,402.9705990580427,329.04102616215465,381.43833443738555,392.0181385017321,285.78673708180196,268.8714481805534,307.9471936800389,490.40448107768754,426.54798728678344,244.22262243609043,225.54156680252774,206.44565396354375,201.27218387912683,265.6665229924872
17,"Rioja, La",559.7473070887801,508.215728201473,481.2567686529826,464.1130776609551,506.2618972943262,427.42321752485253,445.17037977427196,444.28454011134716,571.1248298114405,614.319324978504,801.238315942104,800.8499332521696,893.1261707696191,967.6140254059744,195.19120359093912,297.60949384618664,261.8343195266272,199.2974433904413,384.8385412123006
18,Ceuta y Melilla,249.7460269269842,244.49069539666993,239.5731331906535,268.6874527945619,263.59623255232066,198.9564373255673,124.33790067888494,308.6653087547011,145.8714028422312,147.81270786162042,141.4309484193012,135.31653728666313,170.47682646131113,200.94623957384172,132.50205726878391,137.61215390543293,137.04034384668094,134.27182270465855,137.80603425684382
