,Comunidad_Autonoma,2020,2018,2016,2014,2013,2012,2011,2010,2009,2008,2007,2006,2005,2004,2003,2002,2001,2000,Media
0,Total Nacional,30.718558034696784,32.83395023177032,29.008221490521898,31.08730622027707,30.882998124561702,31.791046124493683,35.31281184114775,28.62565901628146,31.3239003446876,31.193672873039805,30.356031584175277,29.863049387590372,24.565565889409598,23.334445429991106,10.851799177958485,11.87234711192681,13.658612205674745,18.120933019135826,19.40238872586361
1,Andalucía,11.810390587130042,12.110694040652602,13.527605215336427,18.695227083520532,20.40922716017203,28.447861150049377,37.25263535507999,40.3817954300425,39.370713181369986,32.29820707076864,41.434036345606735,15.56295193683993,16.657369188688783,18.73036264760616,14.052732485255392,13.431024043542818,9.528269165939129,15.668145130306979,16.2157529114029
2,Aragón,7.554587025186721,28.409264568344227,3.104932662775885,3.160591073537123,3.238689084363285,2.5269235927962668,2.987462610293599,3.664181071119706,2.758881077509545,1.760470503829174,1.9781668986738956,0.8242848565642587,3.2134856074772244,0.7674554091601685,0.21624433984505198,29.625121353840694,26.01618833209836,26.05241241136927,5.778512807467906
3,"Asturias, Principado de",25.80036592643779,24.26077857006703,15.080452097048939,35.965890468243174,0.0,0.23668968589886388,6.677842637035859,5.087882870794335,0.0,0.0,7.895897333797269,7.361899384898821,8.403033525753852,27.45489918147521,1.9788335482959063,0.0,0.0,0.0,6.58507272764721
4,"Balears, Illes",120.08266021819088,103.03762574098155,93.40962049095934,138.17762963526854,172.0171561087153,105.29381234707742,98.54875601241203,86.2430145499883,114.89502714012632,92.8373556640108,104.91534468539271,131.63120765746777,152.3011684099067,106.0473590249674,53.879144275519046,70.3252458101046,73.04692434901273,119.67054148977685,79.04642296349427
5,Canarias,34.62208725192467,29.00382340431032,32.333233742038246,36.09248318735851,32.8558502727407,40.28807408050817,40.09932437420331,41.045655007106376,45.766333712295484,43.775241236859145,44.58498749476172,83.27099511832904,41.15928628040726,42.691355962287396,62.27135610501629,55.5605272934853,43.86072261399398,57.529791245697076,32.3955614912455
6,Cantabria,8.4250435319649,6.738718678314941,9.422781627121672,9.066415699491722,9.522071743302787,17.534406199430506,0.0,0.0,0.0,0.0,0.0,6.058888452730285,6.1016273970361485,4.893796504585568,21.544870745329185,1.38859434788622,0.5915112554547383,0.0,4.095546182376688
7,Castilla y León,4.77218844236003,10.98347808617429,3.8353124122836224,4.312186596867873,5.492732774443176,3.3141168495230704,0.9615147844623901,3.78704559262204,3.6785343283710175,3.466115049680722,3.476483507269568,5.487471363683205,1.908916067832036,1.4808024963130304,1.408962529234465,7.277143037991524,1.1910019460157093,0.8309406813229544,2.7083893796021314
8,Castilla - La Mancha,7.579132035119922,6.110596618227587,9.219099827539843,7.359241339529137,10.636849725701785,1.9067924414483706,2.186415951334399,6.4750165961914306,9.561752605206424,8.573246537124957,9.12403960139665,8.461072287853453,10.41555059543445,4.972196696271961,3.0422170955638372,9.674877864557322,12.285668865840519,7.617077245005221,5.425519827874185
9,Cataluña,13.504309953153271,10.426884506908824,11.086199498151966,9.218765024631919,11.020764795827182,10.312369401398088,10.29813446782052,12.169776799126668,15.605410799660755,15.448505569875822,10.114543940593368,14.893274374510929,17.261678926967985,4.559011547822728,1.6592717402037485,2.118055342091835,2.114640489894857,25.9616777326218,8.015580746994022
10,Comunitat Valenciana,107.92839653470897,113.38027275201598,110.63599603868413,136.27677506032157,129.68106980796136,144.2167358838477,163.40296139091961,83.72449432733416,93.43657838821908,100.00534833677662,87.21196946834911,131.9973255156953,92.59450662116946,110.67034035142707,30.239203200261244,15.272119126134697,23.541096385863256,39.185299494337045,71.13709080362744
11,Extremadura,0.0,0.0,0.0,0.1373186666084654,0.0,0.0,2.1462689984468617,0.0,0.0,0.0,0.0,2.994367496246685,5.859510148273008,1.9557587469752231,1.2040182362669287,15.91910908158986,15.11765160739756,0.0,1.8027975493528794
12,Galicia,33.19985535670598,70.03552891596276,28.923773001903605,0.45621649546421117,0.0,0.9275577404693442,0.5244288697735082,0.5161469274423954,0.5976204620096142,0.5955098271692558,0.5027893265833084,0.5933101212491744,0.9264361207994503,1.4929198087230573,0.5674106373682616,0.2096903231934302,0.05927712642054706,0.0,5.531286138697765
13,"Madrid, Comunidad de",5.35702064694874,5.2951629191440235,5.2849885789321664,6.176368515316589,4.491535821980307,4.794908410478629,3.8328546245731685,2.8917655671031435,2.669669882190698,2.70184599302447,2.8531547732874865,2.561839411349488,2.267886601645869,2.236069314014246,0.7237352643198689,1.303383731802563,0.8350034332675718,1.5151550080224259,2.4053133780785596
14,"Murcia, Región de",189.7461110034005,183.53286993856648,174.54382607876454,124.91461108331094,126.62961626956712,116.19933954989288,123.17925213034218,160.7458109863411,177.84130188314023,191.34301796005775,184.30922113586718,79.29104886061945,75.51549941907123,60.63903903161673,2.024061832764747,28.251179917081842,45.157924625623124,6.338486489496471,86.09065090194342
15,"Navarra, Comunidad Foral de",0.33272988231949024,0.0,0.0,0.0,0.0,0.0,0.0,0.0,0.0,0.0,0.0,0.0,0.0,0.0,0.0,12.143012632805972,12.63251375698186,0.05333264675213376,0.9317982504803426
16,País Vasco,4.309382014173359,5.541842800288119,5.280118965953486,8.395671966687756,6.301096600692984,4.247881872770558,7.075875466788977,7.761418218192853,6.1712339015042526,22.016937460827254,12.861718319591384,0.06702023354911037,0.7101691134322206,0.0,3.9877776957149975,5.026844144589834,46.871773104453155,15.886811944747823,6.457455100335066
17,"Rioja, La",0.0,0.0,0.0,0.0,0.0,0.0,0.0,0.0,0.0,0.0,0.0,0.2447964435972674,0.9034023727597614,1.1411908582095907,0.0,0.4758286164750332,0.0,0.0,0.10769506301283009
18,Ceuta y Melilla,0.0,0.13408889510750432,0.0,2.779220166163142,2.5080573576632768,1.6260162601626016,1.4485365429090096,2.943561517881657,0.7296199403157743,0.0,0.0,3.6572037104503545,4.489784319854508,21.041564449428755,0.34868962439153656,1.3761215390543293,1.038184423080916,0.7066938037087291,1.72389546405844
