Provincia,2020,2018,2016,2014,2013,2012,2011,2010,2009,2008,2007,2006,2005,2004,2003,2002,2001,2000
Total Nacional,3238172,3178653,3553637,3599437,3735690,3562119,3391477,3635655,3739127,3757106,3762619,3840220,4066341,4193613,4214160,4105632,4183657,4013562
Andalucía,590918,600535,612671,583899,640220,610179,562323,573925,625878,550577,586986,678959,779698,772806,676710,708812,706776,628876
Aragón,128134,108880,248544,241843,180839,233520,93312,94799,103556,85417,75108,70171,126266,108115,105481,76605,65260,60601
"Asturias, Principado de",91023,73899,97907,161706,207539,147135,149213,158505,151757,128118,122445,84198,130126,116525,91384,89914,87224,79780
"Balears, Illes",75897,96072,92817,110406,108873,61926,69586,80421,79502,86700,81271,74892,85626,87807,67102,68206,61732,76210
Canarias,156629,136016,136565,138593,115299,127247,133361,145573,140050,139390,172922,129549,130237,135486,127948,126601,104166,107453
Cantabria,41199,35157,38358,41724,40043,43030,42131,45382,50832,28945,41944,25109,65710,63672,80176,78256,76922,76781
Castilla y León,230607,213609,315365,340776,393211,332531,342737,326171,312727,242010,209024,246166,256304,271036,318827,271564,264040,261795
Castilla - La Mancha,131445,138189,102584,138146,147903,135389,147780,188302,228535,201899,202008,196514,203566,204371,210704,162963,194800,209151
Cataluña,338873,342028,349615,337839,361223,374318,349767,363331,333537,359880,379267,469113,408721,441987,459409,535523,586560,592703
Comunitat Valenciana,350462,357494,429249,309838,311943,295133,291395,432398,457767,566963,511297,444084,376879,422698,488781,447854,445714,462956
Extremadura,55130,41486,48979,91032,94318,87525,85477,94241,99202,142113,150332,150372,159294,155002,86199,101186,120736,132168
Galicia,242372,231353,257881,281447,282643,282964,259478,272322,267991,261077,255990,250852,264953,295526,307761,305066,301919,299400
"Madrid, Comunidad de",491489,479871,488107,497023,499229,529064,554955,538918,558961,561008,573471,636492,650420,662176,670955,621029,630208,605600
"Murcia, Región de",14123,15440,14608,12675,11979,10472,15532,17215,17512,31953,75874,35562,43133,52933,62867,64329,77316,43880
"Navarra, Comunidad Foral de",64852,65045,120297,53020,55524,63103,76606,53376,48540,68008,61458,69459,73010,58992,76528,70206,68029,67527
País Vasco,177383,182046,137745,210173,221247,172632,165198,187157,194880,223644,206858,218272,253835,285251,318494,310034,329469,244038
"Rioja, La",41194,47524,41672,43427,57909,48748,49252,49425,53475,62857,36557,40379,46457,40700,43887,50511,44854,46820
Ceuta y Melilla,16442,14009,20673,5870,5748,7203,3374,14194,14425,16547,19807,20077,12106,18530,20947,16973,17932,17823
