,Comunidad_Autonoma,2020,2018,2016,2014,2013,2012,2011,2010,2009,2008,2007,2006,2005,2004,2003,2002,2001,2000,Media
0,Total Nacional,186.96639560178158,186.3887610799736,209.1197909629828,210.8443123937095,217.16134621896458,206.47760198193305,196.89808725285363,211.8349687002181,219.14657632595444,223.00534665371364,228.06144080083146,235.32530713374408,252.57382810020198,265.97145080582345,270.2817739443993,268.8545185691007,278.76834443177177,271.5090622065828,165.81972178717442
1,Andalucía,191.26592797272417,196.23345737266285,200.11078601304285,190.39100433407657,207.81576451788138,197.8374266547494,182.8813277550663,187.83920155943275,206.52175704572264,183.9051058111464,199.53950046011866,233.2294562559263,272.1291212819066,275.41746404089946,243.7277568843232,259.67350975866424,261.53173578542294,234.73238952605234,156.87925908613875
2,Aragón,264.0698295644551,227.93228987460625,520.3742316979959,499.9178062554168,367.77590845005614,474.0989012090019,189.89129043120116,192.80250292015995,210.8664153744822,176.362953914403,158.69706472866986,150.4921169001043,272.59801925045133,237.04327156241982,234.93324967757678,172.38135440641102,149.0261083305857,139.53179359623414,188.35375068740404
3,"Asturias, Principado de",244.7801321887474,196.9017214772273,257.27632644712446,417.2617220776726,532.3147641047966,374.164243188067,378.0006044696121,400.4831265926519,383.0985136122508,324.9660869056382,312.1012310646925,214.2077341310531,331.1331965253739,297.31623270212435,232.81713484585578,229.3727912833747,222.2295344156985,203.02994840614045,223.2853417892036
4,"Balears, Illes",177.4898457003882,233.15536687144532,229.66813341967406,274.12604539325304,268.31804268231684,151.55830194642382,171.27318077255856,199.20591840805884,198.83926310872388,221.40613786845293,216.03868817988914,204.96588787091667,238.61701118357348,251.8908776944241,194.05601021195827,203.78655899077998,192.49211226525892,246.91002039656254,156.7302661486863
5,Canarias,197.21048439726863,175.1417974664792,178.00390733989755,180.3991558949687,149.09652251845452,164.57285398793547,171.79703237151097,188.25893795915985,182.36696248701813,183.95775414597145,233.84519374337737,177.83490258117172,181.28198154232982,193.7806156738806,184.9957177773991,188.12263820004316,160.2064378515493,171.52939318729491,132.31493449639484
6,Cantabria,193.64042614618114,166.0043671467739,180.503826753596,194.19207273369045,185.35069018981378,198.51515920207606,194.61020139275792,209.93541000479942,236.3501038204749,136.224348630417,200.61147663706598,121.09288973407044,320.1574174702414,314.4355922601199,399.60754965999513,395.37135217371264,392.00679583087253,396.0375407544427,176.49420074493673
7,Castilla y León,263.8086147417156,242.91834718861037,353.01613537224307,374.2330523660624,427.51740104525186,357.8224373394838,367.01937040014053,349.136136370442,334.22246253097325,259.27083946554063,226.49289778967827,267.3095723618021,279.66745101996474,297.75011991639013,351.13461888748895,299.9597877993595,291.760089647387,289.3152223260312,226.7921088877489
8,Castilla - La Mancha,176.08037843892316,186.7962761131178,137.6605541327108,182.0841859207047,192.86724624684885,174.8107190969965,191.40084371015033,245.85518895399386,300.83091186728416,270.739535610337,279.899588198105,278.63447047161077,294.36046993648523,302.84293469682774,317.91897419166315,250.54121887565793,304.0926001305865,330.4095740815047,176.44647033084235
9,Cataluña,119.32673786307909,123.2967104490067,127.32962331999394,123.1012424777741,131.01640330098968,135.45650893172757,127.0973878815422,132.50491385624264,122.240623269328,133.88948388918828,144.10741534894305,180.13954844759505,160.07871128367566,177.72884077073638,187.74274822185373,225.49755340399096,252.62089168443205,259.3171662302147,113.40979098336899
10,Comunitat Valenciana,189.8562079834448,197.31954479112795,237.10327516916374,169.6099284766343,167.12344035996287,157.64118328896095,156.0118865536407,231.75277584323524,246.17000385374175,308.8362849600262,286.7564754743804,253.1083376571145,220.04399099051523,254.89747380513546,299.52146552578745,283.58679630656206,290.565821645831,307.8029646549739,170.84687678479713
11,Extremadura,141.95765163522765,105.94108844521875,123.36068673561188,226.80564018328624,234.0620862352444,216.3956580436819,211.0965637555792,233.19170584702698,246.53831276010106,354.6825898674981,377.86446953704615,379.22341791611245,402.6481902576018,394.9302917536638,219.9094554407251,258.3494877295738,308.1697567255575,338.5985951160826,191.6156998195397
12,Galicia,245.77252462593856,234.60552525404466,259.8921428610121,280.5286404031283,279.9642738315523,278.71450406091907,254.30816175052865,266.6834204359428,262.58889391869116,256.909495097027,252.96090822126362,248.33235535614418,262.7974642429639,294.3164989894902,306.48928096161313,305.3285673014509,302.67023053889983,300.2576860802883,196.4432452070023
13,"Madrid, Comunidad de",198.60876838665357,199.86307073739167,206.78526042923087,210.97211366362822,210.56730752041003,223.0479384600441,234.28345581511672,228.60503335244096,239.7708320677283,245.07285324473162,258.3416259294966,290.2397777547949,298.78099883583036,312.52958905728457,321.4288371367167,307.8347248399344,321.3808827907156,318.7412172478662,184.51308594597018
14,"Murcia, Región de",25.603391286378972,28.61083014240272,27.321568606290743,23.67439409474132,22.294895130659228,19.458394938654447,28.94654921472002,32.260643662900655,33.16793559147528,61.385536276276675,149.32219964467046,71.10100735624114,88.4663201604187,112.01250473719594,135.7030295252898,143.63882729277051,177.94738942944727,104.59953823642319,49.46698572348866
15,"Navarra, Comunidad Foral de",268.7197799275664,275.19786682200214,514.4499574926725,226.6893584054101,236.03720217355385,268.21912962652283,326.88906653022036,229.5966495819849,210.89587865396987,300.3388063568328,277.9084865414389,316.17685784231634,337.04605652882356,276.4024630143265,362.6117732738236,337.6681017777428,335.0588155563253,340.23558216639935,218.2846687529612
16,País Vasco,218.86059287342343,226.80136692281602,172.35793627494965,263.0517972284709,276.57121990487747,215.66088787007385,207.17569221817232,235.38985626644387,245.7987078477462,284.04797139473186,264.5991085203246,280.2689992763946,327.28882759709813,369.45934273497534,413.11648939679264,402.8913694038329,429.5333068062326,318.592649692448,205.2168276536384
17,"Rioja, La",352.7831666404182,412.4581918936482,361.5327175744271,372.96970612027775,492.675441874588,412.7084363647539,417.81977768224635,419.98963728148374,455.41168321946543,542.395012627077,324.16355215932276,361.08257884982874,422.7373492274399,379.8525285555539,418.38044526386983,491.4041964173053,454.4662397665559,485.5588754655563,305.7752976318619
18,Ceuta y Melilla,263.00269353020093,223.7583480120343,332.1021206390311,94.89586351032571,93.81650793510894,119.73211124464547,57.46795573843258,248.3042354905194,259.774593090338,304.5898975076256,371.5738065135441,385.3759454926351,235.6221994804867,355.8360081844202,400.2192636783297,319.9576833201251,340.0314716837806,345.07955242467614,186.73058006765646
