Provincia,2020,2018,2016,2014,2013,2012,2011,2010,2009,2008,2007,2006,2005,2004,2003,2002,2001,2000
Total Nacional,1457620,1534100,1350536,1453995,1455509,1502614,1666429,1346008,1464261,1439832,1372115,1335146,1083551,1007994,463557,496714,561599,733894
Andalucía,99968,101541,113471,157083,172260,240384,313820,338035,326892,264917,333936,124125,130757,143990,106897,100443,70547,115005
Aragón,10043,37180,4063,4189,4363,3410,4022,4936,3712,2336,2565,1053,4078,959,266,36069,31213,31000
"Asturias, Principado de",26285,24946,15723,38187,0,255,7222,5517,0,0,8487,7928,9047,29480,2128,0,0,0
"Balears, Illes",140682,116320,103425,152471,191227,117870,109696,95389,125859,99600,108131,131771,149732,101280,51043,64486,64181,101197
Canarias,75336,61711,67962,75968,69611,85344,85282,86956,96292,90876,90327,166195,81013,81777,117996,102440,78132,98737
Cantabria,4911,3910,5486,5337,5636,10413,0,0,0,0,0,3442,3431,2715,11843,753,318,0
Castilla y León,11429,26461,9387,10758,13841,8438,2460,9693,9430,8864,8790,13845,4793,3693,3505,18050,2953,2060
Castilla - La Mancha,15501,12385,18822,15297,22348,4046,4625,13587,19901,17516,18041,16349,19734,9193,5524,17241,21562,13210
Cataluña,105070,79245,83397,69315,83247,78074,77644,91424,116657,113764,72931,106259,120749,31062,11124,13781,13452,162572
Comunitat Valenciana,545832,562786,548751,682044,663165,739726,836164,427975,476029,502987,426033,634499,434495,502809,135196,66078,98934,161472
Extremadura,0,0,0,151,0,0,2381,0,0,0,0,3253,6351,2103,1293,17082,16227,0
Galicia,89700,189218,78630,1254,0,2580,1466,1444,1671,1658,1394,1642,2559,4107,1561,574,162,0
"Madrid, Comunidad de",36320,34832,34178,39865,29175,31160,24874,18677,17051,16945,17352,15392,13526,12980,4139,7204,4486,7887
"Murcia, Región de",286754,271355,255680,183227,186405,171330,181082,235007,257251,272876,256580,108653,100873,78509,2569,34664,53755,7285
"Navarra, Comunidad Foral de",220,0,0,0,0,0,0,0,0,0,0,0,0,0,0,6917,7027,29
País Vasco,9569,12187,11561,18378,13810,9316,15458,16907,13405,47493,27548,143,1509,0,8423,10598,98500,33340
"Rioja, La",0,0,0,0,0,0,0,0,0,0,0,75,272,335,0,134,0,0
Ceuta y Melilla,0,23,0,471,421,268,233,461,111,0,0,522,632,3002,50,200,150,100
