Provincia,2020,2018,2016,2014,2013,2012,2011,2010,2009,2008,2007,2006,2005,2004,2003,2002,2001,2000
Total Nacional,13361642,13684587,12949076,13540084,13693645,13592255,13497518,13326802,12800974,12371505,12519495,13371704,13804901,13600198,8490051,8016351,7699936,7752624
Andalucía,1915525,2113908,1912804,2005740,2073031,2330840,2256741,1838496,1566714,1488514,1387265,1767317,1745600,1996737,1642305,1543520,1581312,1526363
Aragón,533675,478592,526337,552592,557871,512896,549061,649614,677212,617991,590011,552921,580191,572649,292031,247118,247468,257880
"Asturias, Principado de",446555,370603,403460,552204,451120,409599,367351,335400,298913,273866,285462,327610,296015,267259,142679,86113,93800,115637
"Balears, Illes",309685,341865,313241,335193,396379,394772,377398,280047,301103,291718,323705,367836,452976,331908,178939,172067,146948,183892
Canarias,318386,282590,341769,382674,330186,367286,341566,339630,357252,340174,297974,297054,258900,209647,224998,207657,166612,181895
Cantabria,293290,349650,319351,266992,286585,257359,245869,279236,243190,254799,223436,283538,287291,204618,85211,65373,49138,85939
Castilla y León,1129762,1304756,1026339,1070390,1090397,1180864,1085202,1425452,1325983,1297653,1719236,1588593,1453871,983050,537222,513616,295914,299200
Castilla - La Mancha,557720,646665,498337,528160,636849,606197,697040,581596,543248,508587,429921,488963,581152,492724,339362,301625,336019,279765
Cataluña,1935244,1775463,1716803,1724980,1788210,1776438,1892045,1894845,1850979,1821859,1805479,1993776,1609402,1960241,1440621,1435569,1609628,1820654
Comunitat Valenciana,1282866,1317728,1153786,1150165,1210832,1233312,1298793,1375663,1377454,1402775,1372100,1334458,1385387,1376471,724831,625980,551977,637732
Extremadura,354386,415490,404633,444289,413603,449889,514727,409066,347812,385720,403993,282573,356163,126298,266420,244332,175387,150022
Galicia,1047977,1039852,891827,904492,978384,955690,827195,834061,896645,737520,751661,679221,743950,1140686,497878,523872,447168,373745
"Madrid, Comunidad de",1401292,1487112,1500326,1681915,1687026,1570983,1656841,1549957,1428676,1515336,1432331,1843835,2043836,2102584,1133616,1107471,1145424,1129075
"Murcia, Región de",313800,283869,356164,363900,302171,298630,315288,303283,303319,288243,285956,293788,338710,290694,241049,222263,206781,84198
"Navarra, Comunidad Foral de",286610,295282,209822,215947,226908,192638,189806,207969,225018,313229,366868,348483,336520,329649,151945,140459,121919,132588
País Vasco,1013022,978794,1181241,1166863,1056816,883752,718825,830902,851532,616474,575885,657062,1042034,902268,515848,475505,433841,422389
"Rioja, La",179071,160431,151978,148053,163030,138318,143770,143244,183732,195047,247557,245362,268906,284046,56096,83811,70800,52650
Ceuta y Melilla,42776,41937,40858,45535,44247,32792,20000,48341,22192,22000,20655,19314,23997,28669,19000,20000,19800,19000
