Provincia,2020,2018,2016,2014,2013,2012,2011,2010,2009,2008,2007,2006,2005,2004,2003,2002,2001,2000
Total Nacional,3618646,3612200,3740419,3537941,3495177,3445198,3216849,3121165,3090535,3027220,2837747,2775147,2678425,2647852,2579287,2352117,2219838,2121471
Andalucía,606998,569826,585314,588722,568896,556842,516303,497474,507945,479831,466132,487014,496013,490925,415142,335606,307133,257275
Aragón,69278,69808,76067,66984,66876,70291,57088,64153,65310,63538,56920,52012,46601,46238,52415,43647,40817,40472
"Asturias, Principado de",47120,48811,56977,47094,51294,52124,50834,48817,50008,52248,52864,50798,49559,49416,39337,35825,33366,27514
"Balears, Illes",110068,120215,120896,92655,94181,107856,94786,94294,93383,89879,84417,90525,94901,85075,71187,64551,53561,54770
Canarias,256335,253542,299082,248536,262430,257839,256871,238301,234812,256830,244769,220078,262567,242601,224083,218422,190879,191537
Cantabria,39687,42055,41058,47909,43375,42195,36549,34846,41684,32493,32393,32137,29051,28872,27881,23575,22698,21691
Castilla y León,114333,112922,124949,124262,113987,105249,111779,107216,104336,90408,91396,93417,92470,108575,117488,108064,92383,95080
Castilla - La Mancha,123243,112312,119582,120677,126227,128757,121092,120066,109479,101983,94891,89115,84836,80015,73788,62016,63309,60931
Cataluña,700799,708519,694914,647195,616650,576754,571690,570306,538916,507651,519367,512201,450062,445838,505903,501422,501668,508552
Comunitat Valenciana,463503,492676,483866,460963,448695,450286,396173,374919,374632,425691,372308,327874,275921,297070,249449,206077,199498,202655
Extremadura,62392,67116,68195,67670,72610,73152,62941,63248,61946,59922,67157,66043,62172,64535,61618,54241,51333,45539
Galicia,123253,122478,142352,124767,142733,136156,116452,114511,115757,95658,89965,115060,109598,122106,119515,134228,134023,114661
"Madrid, Comunidad de",542393,523861,553132,531721,528363,525474,471687,459560,481402,464376,380957,378298,369212,353148,341540,298201,283335,282680
"Murcia, Región de",174421,177265,185760,185266,184097,184226,173669,163357,142265,134970,132889,120395,118965,105441,89305,90093,84382,58827
"Navarra, Comunidad Foral de",37225,39488,35516,35613,35222,38918,38095,38085,37321,32830,34462,34195,30477,27828,28072,22554,18821,18547
País Vasco,117873,122730,129051,123555,115584,112465,109847,105398,107541,113344,97223,85635,86869,81677,147501,137616,129205,126297
"Rioja, La",14609,13819,11087,12162,11913,14144,14903,14035,14112,15857,13034,12312,11478,11393,7934,9534,7363,8793
Ceuta y Melilla,15116,14757,12621,12190,12044,12470,16090,12579,9686,9711,6603,8038,7673,7099,7129,6445,6064,5650
